09212598664
65111557436
84112855299
54010261861
08282665775
86051661474
04291897422
06252596665
85073091115
70032161475
93080353313
59122985836
58030477949
53041742156
08322883787
52020796614
91032745418
00290577916
78010894311
55042821326
53091286237
51011899455
85042836383
56040998818
54032472258
57112652333
86061922963
63100413989
77121613363
97112446237
88050212835
66031744287
00242696652
69030128575
65030127996
57040994644
69100683313
59062114655
53102358582
53111248744
98082217625
02282346685
87070583574
99060296618
08301041298
78080431463
01300567624
83030718914
78090198284
00320789294
